edsr: 16.88957667350769
fsrcnn: 1.144906997680664
srcnn: 0.778658390045166
sub: 0.687969446182251
vdsr: 1.0657329559326172