edsr: 9.330363988876343
fsrcnn: 0.8182201385498047
srcnn: 0.5166482925415039
sub: 0.6541745662689209
vdsr: 1.1187725067138672