edsr: 5.749220848083496	
fsrcnn: 0.6419787406921387
srcnn: 0.5174150466918945
sub: 0.828690767288208
vdsr: 0.9105465412139893