edsr: 7.394894599914551
fsrcnn: 0.8607726097106934
srcnn: 0.5501530170440674
sub: 0.6773681640625
vdsr: 0.7319796085357666