edsr: 10.70820140838623
fsrcnn: 1.2539546489715576
srcnn: 0.7025842666625977
sub: 0.848729133605957
vdsr: 0.9984712600708008