edsr: 9.932040691375732
fsrcnn: 0.8283178806304932
srcnn: 0.5086214542388916
sub: 0.872901201248169
vdsr: 