edsr: 15.010796785354614
fsrcnn: 0.9368221759796143
srcnn: 0.5237250328063965
sub: 0.8202629089355469
vdsr: 