edsr: 11.015400171279907
fsrcnn: 1.3402209281921387
srcnn: 0.7443432807922363
sub: 0.8548388481140137
vdsr: 0.8980600833892822